mse_x: 0.0027484808563318208
mse_y: 0.0032466907292199158