35.439818382445,-50.8198319531912,34522.3136969558,-0.0252291994795567,0.56431506673921,1.57476767493619,16.3328496068401
-50.8198319531912,264.763546268293,-153861.050727442,0.965441744949366,-17.0415009739125,-6.90624493876394,-12.8198974517768
34522.3136969558,-153861.050727442,19248403.9642686,-509.512759183533,18495.0138935444,3792.63829626859,9089.88670440174
-0.0252291994795567,0.965441744949366,-509.512759183533,0.161184838448396,-0.71370582704625,0.0165166181198988,4.81171852153651e-05
0.56431506673921,-17.0415009739125,18495.0138935444,-0.71370582704625,104.941477339587,-4.75466589775523,2.67876040669421
1.57476767493619,-6.90624493876394,3792.63829626859,0.0165166181198988,-4.75466589775523,2.01537780301662,-0.374063202257432
16.3328496068401,-12.8198974517768,9089.88670440174,4.81171852153651e-05,2.67876040669421,-0.374063202257432,14.36379706777